101 1 2 3.0 1
102 2 3 3.0 1
103 3 4 3.0 1
104 4 5 3.0 1
105 5 6 3.0 1
106 6 7 3.0 1
107 7 8 3.0 1
108 8 9 3.0 1
109 9 10 3.0 1
110 10 11 3.0 1
111 11 12 3.0 1
112 12 13 3.0 1
113 13 14 3.0 1
114 14 15 3.0 1
115 15 16 3.0 1
116 16 17 3.0 1
117 17 18 3.0 1
118 18 19 3.0 1
119 19 20 3.0 1
120 20 21 3.0 1
121 21 22 3.0 1
122 22 23 3.0 1
123 23 24 3.0 1
124 24 25 3.0 1
125 25 26 3.0 1
126 26 27 3.0 1
127 27 28 3.0 1
128 28 29 3.0 1
129 29 30 3.0 1
130 30 31 3.0 1
131 31 32 3.0 1
132 32 33 3.0 1
133 33 34 3.0 1
134 34 35 3.0 1
201 11 36 3.0 2
202 36 37 3.0 2
203 37 38 3.0 2
204 38 39 3.0 2
205 40 41 3.0 2
206 41 42 3.0 2
207 42 43 3.0 2
208 43 44 3.0 2
209 44 45 3.0 2
210 45 17 3.0 2
211 17 46 3.0 2
212 46 47 3.0 2
213 47 48 3.0 2
214 48 49 3.0 2
215 50 51 3.0 2
216 51 11 3.0 2
217 39 40 3.0 2
218 49 50 3.0 2
401 52 53 3.0 4
402 53 54 3.0 4
403 54 55 3.0 4
404 55 56 3.0 4
405 56 57 3.0 4
406 57 58 3.0 4
407 58 59 3.0 4
408 59 60 3.0 4
409 60 61 3.0 4
410 61 62 3.0 4
411 62 38 3.0 4
412 38 63 3.0 4
413 63 64 3.0 4
414 64 65 3.0 4
415 65 66 3.0 4
416 66 12 3.0 4
417 12 50 3.0 4
418 50 67 3.0 4
419 67 68 3.0 4
420 68 69 3.0 4
421 69 70 3.0 4
422 70 71 3.0 4
423 71 72 3.0 4
424 72 73 3.0 4
425 73 74 3.0 4
426 74 75 3.0 4
427 75 76 3.0 4
428 76 77 3.0 4
429 77 78 3.0 4
430 78 79 3.0 4
431 79 80 3.0 4
432 80 81 3.0 4
433 81 82 3.0 4
434 82 83 3.0 4
501 84 85 3.0 5
502 85 86 3.0 5
503 86 87 3.0 5
504 87 88 3.0 5
505 88 89 3.0 5
506 89 90 3.0 5
507 90 91 3.0 5
508 91 92 3.0 5
509 92 93 3.0 5
510 93 94 3.0 5
511 94 42 3.0 5
512 42 95 3.0 5
513 95 96 3.0 5
514 96 97 3.0 5
515 97 98 3.0 5
516 98 16 3.0 5
517 16 47 3.0 5
518 47 99 3.0 5
519 99 100 3.0 5
520 100 101 3.0 5
521 101 102 3.0 5
522 102 103 3.0 5
601 104 105 3.0 6
602 105 106 3.0 6
603 106 107 3.0 6
604 107 108 3.0 6
605 108 109 3.0 6
606 109 110 3.0 6
607 110 111 3.0 6
608 111 112 3.0 6
609 112 113 3.0 6
610 113 114 3.0 6
611 114 115 3.0 6
612 115 37 3.0 6
613 37 64 3.0 6
614 64 116 3.0 6
615 116 117 3.0 6
616 117 97 3.0 6
617 97 45 3.0 6
618 45 118 3.0 6
619 118 119 3.0 6
620 119 120 3.0 6
621 120 121 3.0 6
622 121 122 3.0 6
623 122 123 3.0 6
624 123 124 3.0 6
625 124 125 3.0 6
626 125 126 3.0 6
627 126 127 3.0 6
628 127 128 3.0 6
629 128 129 3.0 6
630 129 130 3.0 6
631 130 131 3.0 6
632 131 132 3.0 6
633 132 133 3.0 6
801 134 135 3.0 8
802 135 136 3.0 8
803 136 137 3.0 8
804 137 138 3.0 8
805 138 139 3.0 8
806 139 140 3.0 8
807 140 141 3.0 8
808 141 142 3.0 8
809 142 143 3.0 8
810 143 144 3.0 8
811 144 145 3.0 8
812 145 146 3.0 8
813 146 147 3.0 8
814 147 148 3.0 8
815 148 40 3.0 8
816 40 149 3.0 8
817 149 117 3.0 8
818 117 150 3.0 8
819 150 151 3.0 8
820 151 15 3.0 8
821 15 48 3.0 8
822 48 152 3.0 8
823 152 153 3.0 8
824 153 154 3.0 8
825 154 155 3.0 8
826 155 156 3.0 8
827 156 157 3.0 8
828 157 158 3.0 8
829 158 159 3.0 8
830 159 160 3.0 8
831 160 161 3.0 8
832 161 162 3.0 8
833 162 163 3.0 8
901 61 113 3.0 9
902 113 164 3.0 9
903 164 8 3.0 9
904 8 165 3.0 9
905 165 166 3.0 9
906 166 167 3.0 9
907 167 168 3.0 9
908 168 169 3.0 9
909 169 170 3.0 9
910 170 171 3.0 9
911 171 172 3.0 9
912 172 173 3.0 9
1001 174 175 3.0 10
1002 175 176 3.0 10
1003 176 177 3.0 10
1004 177 178 3.0 10
1005 178 58 3.0 10
1006 58 179 3.0 10
1007 179 180 3.0 10
1008 180 181 3.0 10
1009 181 182 3.0 10
1010 182 183 3.0 10
1011 183 146 3.0 10
1012 146 184 3.0 10
1013 184 92 3.0 10
1014 92 185 3.0 10
1015 185 186 3.0 10
1016 186 187 3.0 10
1017 187 188 3.0 10
1018 188 189 3.0 10
1019 189 190 3.0 10
1020 190 119 3.0 10
1021 119 191 3.0 10
1022 191 19 3.0 10
1023 19 192 3.0 10
1024 192 193 3.0 10
1025 193 194 3.0 10
1026 194 195 3.0 10
1027 195 196 3.0 10
1028 196 197 3.0 10
1029 197 103 3.0 10
1030 103 198 3.0 10
1031 198 199 3.0 10
1032 199 200 3.0 10
1033 200 71 3.0 10
1034 71 201 3.0 10
1035 201 202 3.0 10
1036 202 203 3.0 10
1037 203 204 3.0 10
1038 204 205 3.0 10
1039 205 206 3.0 10
1040 206 167 3.0 10
1041 167 207 3.0 10
1042 207 7 3.0 10
1043 7 208 3.0 10
1044 208 111 3.0 10
1045 111 174 3.0 10
1301 38 209 3.0 13
1302 209 180 3.0 13
1303 180 210 3.0 13
1304 210 211 3.0 13
1305 211 212 3.0 13
1306 212 213 3.0 13
1307 213 214 3.0 13
1308 214 215 3.0 13
1309 215 138 3.0 13
1310 138 87 3.0 13
1311 87 216 3.0 13
1312 216 217 3.0 13
1313 217 185 3.0 13
1314 185 218 3.0 13
1315 218 219 3.0 13
1316 219 43 3.0 13