1 古城 320.0 600.0
2 八角游乐园 360.0 600.0
3 八宝山 400.0 600.0
4 玉泉路 440.0 600.0
5 五棵松 470.0 600.0
6 万寿路 510.0 600.0
7 公主坟 560.0 600.0
8 军事博物馆 590.0 600.0
9 木樨地 640.0 600.0
10 南礼士路 680.0 600.0
11 复兴门 725.0 600.0
12 西单 790.0 600.0
13 天安门西 840.0 600.0
14 天安门东 890.0 600.0
15 王府井 920.0 600.0
16 东单 970.0 600.0
17 建国门 1025.0 600.0
18 永安里 1070.0 600.0
19 国贸 1110.0 600.0
20 大望路 1160.0 600.0
21 四惠 1200.0 600.0
22 四惠东 1230.0 600.0
23 高碑店 1265.0 600.0
24 传媒大学 1300.0 600.0
25 双桥 1335.0 600.0
26 管庄 1370.0 600.0
27 八里桥 1400.0 600.0
28 通州北苑 1435.0 615.0
29 果园 1450.0 630.0
30 九棵树 1465.0 645.0
31 梨园 1480.0 660.0
32 临河里 1500.0 675.0
33 土桥 1520.0 695.0
34 花庄 1515.0 740.0
35 环球度假区 1475.0 760.0
36 阜成门 725.0 560.0
37 车公庄 725.0 525.0
38 西直门 725.0 485.0
39 积水潭 800.0 460.0
40 鼓楼大街 865.0 460.0
41 安定门 915.0 460.0
42 雍和宫 970.0 460.0
43 东直门 1025.0 480.0
44 东四十条 1025.0 515.0
45 朝阳门 1025.0 550.0
46 北京站 1025.0 640.0
47 崇文门 965.0 640.0
48 前门 900.0 640.0
49 和平门 830.0 640.0
50 宣武门 790.0 640.0
51 长椿街 725.0 640.0
52 安河桥北 440.0 270.0
53 北宫门 490.0 270.0
54 西苑 540.0 270.0
55 圆明园 590.0 290.0
56 北京大学东门 590.0 320.0
57 中关村 590.0 345.0
58 海淀黄庄 590.0 385.0
59 人民大学 590.0 420.0
60 魏公村 590.0 455.0
61 国家图书馆 590.0 485.0
62 动物园 660.0 485.0
63 新街口 780.0 485.0
64 平安里 790.0 525.0
65 西四 790.0 550.0
66 灵境胡同 790.0 570.0
67 菜市口 790.0 660.0
68 陶然亭 790.0 685.0
69 北京南站 790.0 710.0
70 马家堡 790.0 730.0
71 角门西 790.0 750.0
72 公益西桥 790.0 770.0
73 新宫 790.0 790.0
74 西红门 770.0 810.0
75 高米店北 770.0 830.0
76 高米店南 770.0 850.0
77 枣园 770.0 870.0
78 清源路 770.0 890.0
79 黄村西大街 770.0 910.0
80 黄村火车站 770.0 930.0
81 义和庄 770.0 950.0
82 生物医药基地 770.0 970.0
83 天宫院 770.0 990.0
84 天通苑北 970.0 155.0
85 天通苑 970.0 185.0
86 天通苑南 970.0 215.0
87 立水桥 970.0 240.0
88 立水桥南 970.0 270.0
89 北苑路北 970.0 295.0
90 大屯路东 970.0 330.0
91 惠新西街北口 970.0 355.0
92 惠新西街南口 970.0 385.0
93 和平西桥 970.0 415.0
94 和平里北街 970.0 435.0
95 北新桥 970.0 485.0
96 张自忠路 970.0 510.0
97 东四 970.0 550.0
98 灯市口 970.0 570.0
99 磁器口 970.0 660.0
100 天坛东门 970.0 685.0
101 蒲黄榆 970.0 710.0
102 刘家窑 970.0 730.0
103 宋家庄 970.0 750.0
104 金安桥 230.0 525.0
105 苹果园 270.0 525.0
106 杨庄 310.0 525.0
107 西黄村 350.0 525.0
108 廖公庄 390.0 525.0
109 田村 430.0 525.0
110 海淀五路居 470.0 525.0
111 慈寿寺 510.0 525.0
112 花园桥 550.0 525.0
113 白石桥南 590.0 525.0
114 二里沟 645.0 525.0
115 车公庄西 680.0 525.0
116 北海北 835.0 525.0
117 南锣鼓巷 890.0 525.0
118 东大桥 1065.0 550.0
119 呼家楼 1110.0 550.0
120 金台路 1160.0 550.0
121 十里堡 1190.0 550.0
122 青年路 1230.0 550.0
123 褡裢坡 1270.0 550.0
124 黄渠 1310.0 550.0
125 常营 1350.0 550.0
126 草房 1390.0 550.0
127 物资学院路 1430.0 550.0
128 通州北关 1470.0 550.0
129 北运河西 1510.0 550.0
130 北运河东 1550.0 550.0
131 郝家府 1590.0 550.0
132 东夏园 1630.0 550.0
133 潞城 1670.0 550.0
134 朱辛庄 735.0 195.0
135 育知路 780.0 195.0
136 平西府 815.0 195.0
137 回龙观东大街 835.0 220.0
138 霍营 835.0 240.0
139 育新 835.0 260.0
140 西小口 835.0 275.0
141 永泰庄 835.0 295.0
142 林萃桥 850.0 305.0
143 森林公园南门 865.0 315.0
144 奥林匹克公园 865.0 330.0
145 奥体中心 865.0 355.0
146 北土城 865.0 385.0
147 安华桥 865.0 410.0
148 安德里北街 865.0 430.0
149 什刹海 865.0 490.0
150 中国美术馆 910.0 550.0
151 金鱼胡同 920.0 570.0
152 珠市口 875.0 660.0
153 天桥 875.0 685.0
154 永定门外 875.0 710.0
155 木樨园 875.0 725.0
156 海户屯 875.0 740.0
157 大红门南 875.0 780.0
158 和义 875.0 800.0
159 东高地 875.0 820.0
160 火箭万源 875.0 840.0
161 五福堂 875.0 860.0
162 德茂 875.0 880.0
163 瀛海 875.0 900.0
164 白堆子 590.0 560.0
165 北京西站 590.0 625.0
166 六里桥东 575.0 640.0
167 六里桥 560.0 670.0
168 七里庄 520.0 710.0
169 丰台东大街 520.0 725.0
170 丰台南路 520.0 740.0
171 科怡路 520.0 770.0
172 丰台科技园 520.0 790.0
173 郭公庄 520.0 815.0
174 车道沟 510.0 490.0
175 长春桥 510.0 455.0
176 火器营 510.0 415.0
177 巴沟 510.0 385.0
178 苏州街 550.0 385.0
179 知春里 630.0 385.0
180 知春路 700.0 385.0
181 西土城 770.0 385.0
182 牡丹园 800.0 385.0
183 健德门 825.0 385.0
184 安贞门 915.0 385.0
185 芍药居 1040.0 385.0
186 太阳宫 1110.0 385.0
187 三元桥 1110.0 420.0
188 亮马桥 1110.0 455.0
189 农业展览馆 1110.0 480.0
190 团结湖 1110.0 510.0
191 金台夕照 1110.0 570.0
192 双井 1110.0 660.0
193 劲松 1110.0 675.0
194 潘家园 1110.0 690.0
195 十里河 1110.0 710.0
196 分钟寺 1110.0 750.0
197 成寿寺 1035.0 750.0
198 石榴庄 920.0 750.0
199 大红门 865.0 750.0
200 角门东 840.0 750.0
201 草桥 730.0 750.0
202 纪家庙 660.0 750.0
203 首经贸 600.0 750.0
204 丰台站 560.0 740.0
205 泥洼 560.0 725.0
206 西局 560.0 710.0
207 莲花桥 560.0 630.0
208 西钓鱼台 535.0 560.0
209 大钟寺 700.0 430.0
210 五道口 700.0 350.0
211 上地 700.0 320.0
212 清河站 700.0 275.0
213 西二旗 700.0 240.0
214 龙泽 740.0 240.0
215 回龙观 780.0 240.0
216 北苑 1040.0 240.0
217 望京西 1040.0 330.0
218 光照门 1040.0 420.0
219 柳芳 1040.0 450.0